root=Player
path	localPos	localEulerZ	localScale	worldPos	worldEulerZ
.	0.000000,0.000000	0.000	1.0000,1.0000	0.000000,0.000000	0.000
hair_R	-0.009000,1.518500	0.000	1.0000,1.0000	-0.009000,1.518500	0.000
forearm_R	-0.077500,1.048500	0.000	1.0000,1.0000	-0.077500,1.048500	0.000
arm_R	-0.097500,1.285000	0.000	1.0000,1.0000	-0.097500,1.285000	0.000
shirt	0.000000,0.000000	0.000	1.0000,1.0000	0.000000,0.000000	0.000
shirt/shirt_1	-0.018500,1.290500	0.000	1.0000,1.0000	-0.018500,1.290500	0.000
belt	-0.014500,1.031000	0.000	1.0000,1.0000	-0.014500,1.031000	0.000
upperBoot_R	-0.095500,0.363000	0.000	1.0000,1.0000	-0.095500,0.363000	0.000
leg_R	-0.046000,0.451500	0.000	1.0000,1.0000	-0.046000,0.451500	0.000
thigh_R	-0.031500,0.826000	0.000	1.0000,1.0000	-0.031500,0.826000	0.000
pelvis	-0.019000,1.022000	0.000	1.0000,1.0000	-0.019000,1.022000	0.000
ear	-0.070500,1.562000	0.000	1.0000,1.0000	-0.070500,1.562000	0.000
hairTop_R_side	0.025000,1.687500	0.000	1.0000,1.0000	0.025000,1.687500	0.000
hairTop_side	0.051500,1.721000	0.000	1.0000,1.0000	0.051500,1.721000	0.000
hairBack_01	-0.120000,1.589000	0.000	1.0000,1.0000	-0.120000,1.589000	0.000
eyebrows	0.058500,1.636000	0.000	1.0000,1.0000	0.058500,1.636000	0.000
head	-0.014500,1.593000	0.000	1.0000,1.0000	-0.014500,1.593000	0.000
tail	-0.154000,0.872500	0.000	1.0000,1.0000	-0.154000,0.872500	0.000
upperBoot_L	-0.011500,0.372000	0.000	1.0000,1.0000	-0.011500,0.372000	0.000
leg_L	0.035000,0.460500	0.000	1.0000,1.0000	0.035000,0.460500	0.000
thigh_L	0.002000,0.850000	0.000	1.0000,1.0000	0.002000,0.850000	0.000
neck	-0.032000,1.454000	0.000	1.0000,1.0000	-0.032000,1.454000	0.000
hairBack_02	-0.078000,1.561000	0.000	1.0000,1.0000	-0.078000,1.561000	0.000
hairTop_B	0.059000,1.655000	0.000	1.0000,1.0000	0.059000,1.655000	0.000
forearm_L	0.016500,1.048500	0.000	1.0000,1.0000	0.016500,1.048500	0.000
arm_L	-0.003500,1.285000	0.000	1.0000,1.0000	-0.003500,1.285000	0.000
root	-0.029600,0.200256	90.466	1.0000,1.0000	-0.029600,0.200256	90.466
root/pelvis_1	0.659263,-0.039474	-5.203	1.0000,1.0000	0.004512,0.859818	85.263
root/pelvis_1/abdomen	0.183899,0.000000	9.459	1.0000,1.0000	0.019699,1.043088	94.722
root/pelvis_1/abdomen/chest	0.157866,0.000000	-18.034	1.0000,1.0000	0.006704,1.200419	76.688
root/pelvis_1/abdomen/chest/neck_1	0.174298,0.000000	-5.821	1.0000,1.0000	0.046836,1.370034	70.867
root/pelvis_1/abdomen/chest/neck_1/head_1	0.076557,0.000000	-26.761	1.0000,1.0000	0.071928,1.442361	44.106
root/pelvis_1/abdomen/chest/neck_1/head_1/hairSide_01	0.050593,0.032585	-117.245	1.0000,1.0000	0.085578,1.500971	-73.139
root/pelvis_1/abdomen/chest/neck_1/head_1/hairSide_01/hairSide_02	0.093260,0.000000	20.652	1.0000,1.0000	0.112628,1.411720	-52.487
root/pelvis_1/abdomen/chest/neck_1/head_1/hairTop	0.292179,-0.047308	170.220	1.0000,1.0000	0.314654,1.611745	-145.675
root/pelvis_1/abdomen/chest/neck_1/head_1/hairTop/tail_01	0.444332,0.000000	16.969	1.0000,1.0000	-0.052297,1.361188	-128.706
root/pelvis_1/abdomen/chest/shoulder_R	0.154495,0.011953	127.198	1.0000,1.0000	0.030645,1.353515	-156.114
root/pelvis_1/abdomen/chest/shoulder_R/arm_R_1	0.053958,0.000000	30.400	1.0000,1.0000	-0.018692,1.331666	-125.713
root/pelvis_1/abdomen/chest/shoulder_R/arm_R_1/forearm_R_1	0.200676,0.000000	62.151	1.0000,1.0000	-0.135832,1.168727	-63.563
root/pelvis_1/abdomen/chest/shoulder_R/arm_R_1/forearm_R_1/hand_R	0.233072,0.000000	23.756	1.0000,1.0000	-0.032064,0.960030	-39.806
root/pelvis_1/abdomen/chest/shoulder_L	0.152515,-0.013381	-139.215	1.0000,1.0000	0.054842,1.345755	-62.526
root/pelvis_1/abdomen/chest/shoulder_L/arm_L_1	0.058261,0.000000	-61.315	1.0000,1.0000	0.081720,1.294064	-123.841
root/pelvis_1/abdomen/chest/shoulder_L/arm_L_1/forearm_L_1	0.199070,0.000000	73.688	1.0000,1.0000	-0.029141,1.128720	-50.153
root/pelvis_1/abdomen/chest/shoulder_L/arm_L_1/forearm_L_1/hand_L	0.224466,0.000000	23.309	1.0000,1.0000	0.114682,0.956383	-26.845
root/pelvis_1/hip	0.183526,0.000251	167.090	1.0000,1.0000	0.019419,1.042738	-107.647
root/pelvis_1/hip/thigh_L_1	0.116009,0.029397	33.084	1.0000,1.0000	0.012264,0.923276	-74.563
root/pelvis_1/hip/thigh_L_1/leg_L_1	0.325644,0.000000	0.000	1.0000,1.0000	0.098942,0.609380	-74.563
root/pelvis_1/hip/thigh_L_1/leg_L_1/foot_L_01	0.352043,0.000000	41.420	1.0000,1.0000	0.192647,0.270037	-33.143
root/pelvis_1/hip/thigh_L_1/leg_L_1/foot_L_01/foot_L_02	0.112237,0.000000	0.000	1.0000,1.0000	0.286625,0.208674	-33.143
root/pelvis_1/hip/thigh_L_1/leg_L_1/foot_L_01/foot_L_02/foot_L_effector	0.257000,0.000000	30.523	1.0000,1.0000	0.501813,0.068165	-2.620
root/pelvis_1/hip/thigh_L_1/leg_L_1/leg_L_effector	0.470000,0.000000	-19.953	1.0000,1.0000	0.224045,0.156336	-94.516
root/pelvis_1/hip/thigh_R_1	0.151291,-0.003106	-0.239	1.0000,1.0000	-0.029406,0.899508	-107.886
root/pelvis_1/hip/thigh_R_1/leg_R_1	0.295847,0.000000	0.000	1.0000,1.0000	-0.120268,0.617959	-107.886
root/pelvis_1/hip/thigh_R_1/leg_R_1/foot_R_01	0.346431,0.000000	60.198	1.0000,1.0000	-0.226666,0.288271	-47.688
root/pelvis_1/hip/thigh_R_1/leg_R_1/foot_R_01/foot_R_02	0.123841,0.000000	0.000	1.0000,1.0000	-0.143300,0.196692	-47.688
root/pelvis_1/hip/thigh_R_1/leg_R_1/foot_R_01/foot_R_02/foot_R_effector	0.244000,0.000000	45.212	1.0000,1.0000	0.020953,0.016256	-2.476
root/pelvis_1/hip/thigh_R_1/leg_R_1/leg_R_effector	0.415000,0.000000	8.775	1.0000,1.0000	-0.247725,0.223016	-99.111
leg_L_solver	0.000000,0.000000	0.000	1.0000,1.0000	0.000000,0.000000	0.000
leg_L_solver/leg_L_solver_Target	0.283255,-0.058086	-94.516	1.0000,1.0000	0.283255,-0.058086	-94.516
leg_R_solver	0.000000,0.000000	0.000	1.0000,1.0000	0.000000,0.000000	0.000
leg_R_solver/leg_R_solver_Target	-0.318882,0.002526	-99.111	1.0000,1.0000	-0.318882,0.002526	-99.111
foot_L_solver	0.000000,0.000000	0.000	1.0000,1.0000	0.000000,0.000000	0.000
foot_L_solver/foot_L_solver_Target	0.615728,-0.006216	-2.620	1.0000,1.0000	0.615728,-0.006216	-2.620
foot_R_solver	0.000000,0.000000	0.000	1.0000,1.0000	0.000000,0.000000	0.000
foot_R_solver/foot_R_solver_Target	0.061979,-0.028811	-2.476	1.0000,1.0000	0.061979,-0.028811	-2.476
